1.1056616848780696e-12	-4.1667500644324701e-19
1.3568465160401880e-12	-1.0610147840382820e-17
2.2079559012481548e-12	-1.1413250839378292e-17
4.0146885879675955e-12	-2.5410594753313039e-17
7.5185927298469082e-12	-3.1911424338969000e-17
1.4126181854507091e-11	-1.1236510721381025e-17
2.6426595765048241e-11	-2.0062889898737636e-17
4.9120155762374475e-11	-2.9309719687567210e-17
9.0659906730083707e-11	-1.0837940794913638e-17
1.6612012820244508e-10	-2.0556898756740381e-17
3.0216852975671245e-10	-3.0864443416502617e-17
5.4560476092206285e-10	-4.5863800121937547e-17
9.7790098401253665e-10	-5.9664437560305761e-17
1.7397469111091725e-09	-1.8923642752847326e-17
3.0721213795016612e-09	-2.2902650809966993e-17
5.3844078806321166e-09	-3.0822670223748367e-17
9.3663526599387538e-09	-2.7275852956116600e-17
1.6170415578864690e-08	-2.9135295811982283e-17
2.7706044877264269e-08	-3.3542326219718673e-17
4.7110150471727939e-08	-3.0393231209388131e-17
7.9492162965268781e-08	-2.4112737026070804e-17
1.3310260560385216e-07	9.2395857103778542e-18
2.2114800438900192e-07	1.9964720623130775e-17
3.6458158121042905e-07	1.4975911823347454e-17
5.9635081182832325e-07	1.7610709242497341e-17
9.6779539569821984e-07	2.2283003026605718e-17
1.5581821516193248e-06	-1.2423425353876401e-17
2.4887604478924953e-06	-1.4929745297820318e-18
3.9432500899021050e-06	-1.4525741202862395e-17
6.1973621955583399e-06	9.7460121225263202e-19
9.6608307671651564e-06	4.4499379501566350e-17
1.4936521023216376e-05	2.2835654838623952e-17
2.2902489649220708e-05	1.5816803941977449e-17
3.4824387813471743e-05	2.1409575685935190e-17
5.2507267804051332e-05	5.2817594890438164e-18
7.8497569821653083e-05	-2.5718562453515008e-17
1.1634763991122639e-04	-2.0789375231790553e-17
1.7095627415079039e-04	-1.4578940313817908e-18
2.4899908331086788e-04	-3.9190700736129965e-17
3.5946136740659765e-04	-4.8308779849888429e-17
5.1428297112647580e-04	-7.8115983093317124e-17
7.2911841231695234e-04	-1.0771938103748036e-16
1.0242054995997112e-03	-1.3251210763765973e-16
1.4253207485464825e-03	-1.6424216697072720e-16
1.9647793972653988e-03	-2.0817294094103918e-16
2.6824113430555111e-03	-2.4066074712923292e-16
3.6264122477483907e-03	-2.8328319870727170e-16
4.8539329666206499e-03	-4.1872265066526789e-16
6.4312336878661050e-03	-5.5574962011026794e-16
8.4331974722686859e-03	-7.1884564408468729e-16
1.0941979978653709e-02	-9.4333814903769205e-16
1.4044579985159920e-02	-1.2100435441857046e-15
1.7829163409643835e-02	-1.5251251225879916e-15
2.2380076844079853e-02	-1.8937912139067746e-15
2.7771655897032867e-02	-2.3502474703803595e-15
3.4061168012433599e-02	-2.8630711980128826e-15
4.1281507129041287e-02	-3.4314668090000489e-15
4.9434528151713994e-02	-4.1366604539435862e-15
5.8486093642058291e-02	-4.9173592429062796e-15
6.8363910409730416e-02	-5.7441367166124199e-15
7.8958985475700239e-02	-6.6537632446641903e-15
9.0131016489423066e-02	-7.6450985461736300e-15
1.0171733284241441e-01	-8.6464403302503766e-15
1.1354429334630323e-01	-9.7432031535358202e-15
1.2543953613575590e-01	-1.0827820342319758e-14
1.3724333166370581e-01	-1.1893042541515571e-14
1.4881755438057395e-01	-1.2936084891431872e-14
1.6005136567815093e-01	-1.3929196143876887e-14
1.7086339800713579e-01	-1.4861103265315319e-14
1.8120084605142603e-01	-1.5768547072133843e-14
1.9103626919696673e-01	-1.6667144799409629e-14
2.0036305096257417e-01	-1.7485495337970267e-14
2.0919038835253476e-01	-1.8282639912975219e-14
2.1753848192390812e-01	-1.9020700850202080e-14
2.2543435218096261e-01	-1.9698457393982450e-14
2.3290848316329651e-01	-2.0378192800573011e-14
2.3999232310882376e-01	-2.0948919842487777e-14
2.4671656290292399e-01	-2.1508258165264977e-14
2.5311005798726111e-01	-2.2052695828045427e-14
2.5919924409018630e-01	-2.2585974685485562e-14
2.6500790663311669e-01	-2.3129743260676619e-14
2.7055718572946308e-01	-2.3594146872449016e-14
2.7586572476369808e-01	-2.4026940663644053e-14
2.8094989545198534e-01	-2.4418190226533213e-14
2.8582405347283657e-01	-2.4763394530680632e-14
2.9050079537620366e-01	-2.5101042228717276e-14
2.9499119969722681e-01	-2.5434427739995491e-14
2.9930504366715799e-01	-2.5677492902351614e-14
3.0345099243441576e-01	-2.5927684832722739e-14
3.0743676105860235e-01	-2.6178295063483098e-14
3.1126925137811179e-01	-2.6340686429360287e-14
3.1495466669324818e-01	-2.6457441862449408e-14
3.1849860743089836e-01	-2.6607095007995303e-14
3.2190615082824958e-01	-2.6681440842216159e-14
3.2518191736690916e-01	-2.6754614629525220e-14
3.2833012631461539e-01	-2.6814119911870341e-14
3.3135464235351775e-01	-2.6855869018023100e-14
3.3425901492551446e-01	-2.6849427758328147e-14
3.3704651162117499e-01	-2.6847574946628566e-14
3.3972014668294065e-01	-2.6816760323513494e-14
3.4228270548310880e-01	-2.6781186657748936e-14
3.4473676566725397e-01	-2.6719250550014448e-14
3.4708471551797299e-01	-2.6643129445965220e-14
3.4932876998604867e-01	-2.6529259228761212e-14
3.5147098475082711e-01	-2.6457722591236934e-14
3.5351326860413657e-01	-2.6349375257857165e-14
3.5545739439862878e-01	-2.6252196340583101e-14
3.5730500875893145e-01	-2.6115245006016586e-14
3.5905764072005886e-01	-2.5977484517958206e-14
3.6071670943024897e-01	-2.5850685623417520e-14
3.6228353103333560e-01	-2.5683006391360092e-14
3.6375932482778739e-01	-2.5559112862408884e-14
3.6514521878480261e-01	-2.5442484223294902e-14
3.6644225449565948e-01	-2.5324822555207180e-14
3.6765139160837357e-01	-2.5229876646169962e-14
3.6877351180520829e-01	-2.5109840375670220e-14
3.6980942236539899e-01	-2.4998308785275377e-14
3.7075985935134792e-01	-2.4930140361446731e-14
3.7162549045131815e-01	-2.4869913656758513e-14
3.7240691750715244e-01	-2.4782917494544160e-14
3.7310467875163261e-01	-2.4716157440835538e-14
3.7371925077668344e-01	-2.4673865839207171e-14
3.7425105025061178e-01	-2.4610978320376775e-14
3.7470043539990622e-01	-2.4547557141197603e-14
3.7506770726872651e-01	-2.4511708613881986e-14
3.7535311076705463e-01	-2.4514270680669019e-14
3.7555683551649804e-01	-2.4502308910651595e-14
3.7567901650091529e-01	-2.4486789567616176e-14
3.7571973452732188e-01	-2.4480854927235802e-14
3.7567901650091529e-01	-2.4452209219223366e-14
3.7555683551649804e-01	-2.4430773820177556e-14
3.7535311076705463e-01	-2.4391424436758302e-14
3.7506770726872657e-01	-2.4361738398806983e-14
3.7470043539990622e-01	-2.4359679919597710e-14
3.7425105025061178e-01	-2.4325277186486737e-14
3.7371925077668344e-01	-2.4283842816068157e-14
3.7310467875163261e-01	-2.4277184763597531e-14
3.7240691750715238e-01	-2.4228815329853753e-14
3.7162549045131804e-01	-2.4181045743390545e-14
3.7075985935134775e-01	-2.4123686629102642e-14
3.6980942236539877e-01	-2.4079732885731640e-14
3.6877351180520823e-01	-2.4092647113662261e-14
3.6765139160837351e-01	-2.4052435232554061e-14
3.6644225449565937e-01	-2.4016658112550411e-14
3.6514521878480255e-01	-2.3982779311406986e-14
3.6375932482778728e-01	-2.3955012032556420e-14
3.6228353103333555e-01	-2.3930090499337361e-14
3.6071670943024892e-01	-2.3926491086551915e-14
3.5905764072005875e-01	-2.3919433671081263e-14
3.5730500875893134e-01	-2.3941967037161044e-14
3.5545739439862872e-01	-2.3930192392290105e-14
3.5351326860413657e-01	-2.3906032843574641e-14
3.5147098475082711e-01	-2.3873463156109788e-14
3.4932876998604867e-01	-2.3838683917729683e-14
3.4708471551797299e-01	-2.3757576183479791e-14
3.4473676566725403e-01	-2.3715923240982082e-14
3.4228270548310880e-01	-2.3640778756105475e-14
3.3972014668294065e-01	-2.3594260692867186e-14
3.3704651162117499e-01	-2.3547406549232955e-14
3.3425901492551446e-01	-2.3422006878010636e-14
3.3135464235351769e-01	-2.3280769097726781e-14
3.2833012631461533e-01	-2.3155801149899742e-14
3.2518191736690916e-01	-2.2994456306245040e-14
3.2190615082824958e-01	-2.2819047470222346e-14
3.1849860743089836e-01	-2.2664953302518296e-14
3.1495466669324823e-01	-2.2525469538077251e-14
3.1126925137811184e-01	-2.2297326883909650e-14
3.0743676105860235e-01	-2.2098482256545102e-14
3.0345099243441587e-01	-2.1861723173354112e-14
2.9930504366715804e-01	-2.1624613946357057e-14
2.9499119969722681e-01	-2.1382358190850631e-14
2.9050079537620366e-01	-2.1147229774986086e-14
2.8582405347283663e-01	-2.0894850189094791e-14
2.8094989545198534e-01	-2.0660248312567340e-14
2.7586572476369814e-01	-2.0406219020002544e-14
2.7055718572946319e-01	-2.0068888087224396e-14
2.6500790663311669e-01	-1.9732598306801468e-14
2.5919924409018630e-01	-1.9392668059154769e-14
2.5311005798726111e-01	-1.8995668146698803e-14
2.4671656290292396e-01	-1.8611019403655397e-14
2.3999232310882374e-01	-1.8185139229919178e-14
2.3290848316329654e-01	-1.7752848139950575e-14
2.2543435218096258e-01	-1.7259119886898877e-14
2.1753848192390807e-01	-1.6761115064514443e-14
2.0919038835253465e-01	-1.6228003249589769e-14
2.0036305096257409e-01	-1.5592452306880173e-14
1.9103626919696659e-01	-1.4911510429251233e-14
1.8120084605142586e-01	-1.4215164953802969e-14
1.7086339800713560e-01	-1.3451025152807047e-14
1.6005136567815073e-01	-1.2618046043933279e-14
1.4881755438057373e-01	-1.1763875026652372e-14
1.3724333166370559e-01	-1.0795616580084161e-14
1.2543953613575567e-01	-9.8147179299871170e-15
1.1354429334630298e-01	-8.8442880470329138e-15
1.0171733284241415e-01	-7.8820611029223636e-15
9.0131016489422802e-02	-6.9603188385255721e-15
7.8958985475700003e-02	-6.0978895500993139e-15
6.8363910409730125e-02	-5.2722014195942767e-15
5.8486093642057951e-02	-4.4693663999267189e-15
4.9434528151713675e-02	-3.7666485522390003e-15
4.1281507129040981e-02	-3.1041799334620367e-15
3.4061168012433349e-02	-2.5328961382790231e-15
2.7771655897032666e-02	-2.0512081010913196e-15
2.2380076844079694e-02	-1.6026247701866430e-15
1.7829163409643748e-02	-1.2829209923157041e-15
1.4044579985159834e-02	-1.0117183660375186e-15
1.0941979978653709e-02	-7.8530096271884657e-16
8.4331974722686998e-03	-5.7798099122478840e-16
6.4312336878661336e-03	-3.8172843591757725e-16
4.8539329666207366e-03	-2.5390311684154784e-16
3.6264122477484484e-03	-1.5370701253173955e-16
2.6824113430556260e-03	-7.1361012382397139e-17
1.9647793972654847e-03	-3.1118457929512319e-17
1.4253207485465395e-03	1.6240293567903178e-17
1.0242054995997685e-03	6.7488815342330213e-17
7.2911841231700926e-04	6.2438664360286293e-17
5.1428297112650421e-04	7.9062819581346274e-17
3.5946136740665436e-04	1.2355919522367370e-16
2.4899908331092437e-04	1.1022960618897406e-16
1.7095627415093128e-04	8.3800731679333547e-17
1.1634763991131068e-04	1.1080179099284588e-16
7.8497569821737122e-05	9.6416309471893994e-17
5.2507267804023400e-05	8.3224848520771801e-17
3.4824387813416028e-05	8.2901004891780368e-17
2.2902489649192932e-05	7.1367819150022379e-17
1.4936521023188683e-05	4.9319580968236623e-17
9.6608307671651564e-06	5.0769685731267402e-17
6.1973621955583399e-06	5.1451903356490153e-17
3.9432500899569953e-06	5.6521276174513601e-17
2.4887604479198566e-06	5.8416217863286839e-17
1.5581821515920484e-06	4.6015682861888579e-17
9.6779539567102860e-07	1.3768837361153247e-17
5.9635081180121756e-07	2.4530026221319002e-17
3.6458158121042905e-07	1.4574679280968782e-17
2.2114800441593437e-07	2.1523602242491846e-17
1.3310260557700712e-07	1.0580730307097280e-17
7.9492162965268781e-08	4.4011267914962251e-19
4.7110150418390585e-08	7.2264564058178901e-18
2.7706044824104845e-08	-2.9294144287249440e-17
1.6170415419923295e-08	-2.5028883640601849e-17
9.3663525543377666e-09	-2.7225966059721163e-17
5.3844078280125878e-09	-2.8491459470044018e-17
3.0721213270640778e-09	-2.3517261226051090e-17
1.7397468849818366e-09	-2.2696336404749501e-17
9.7790090590632143e-10	-4.2327841782598641e-17
5.4560470903605123e-10	-2.1749841053735946e-17
3.0216845220627570e-10	-8.2062819969133139e-18
1.6612002517511843e-10	-1.0248085994345515e-17
9.0659855403940870e-11	-1.6873322384356631e-17
4.9120181331246643e-11	-6.0950326142059877e-18
2.6426646713530755e-11	-1.5993611992557900e-17
1.4126181854507091e-11	-3.1706407538658025e-17
7.5186180135608448e-12	-3.2774155040392678e-17
4.0146885879675955e-12	-3.3369810907578140e-18
2.2078806266026738e-12	3.6102196858351081e-18
1.3568215211702232e-12	9.9307596847937359e-19
